1 1000
2.5
2.507507507507507505
2.51501501501501501
2.522522522522522515
2.530030030030030019
2.537537537537537524
2.545045045045045029
2.552552552552552534
2.560060060060060039
2.567567567567567544
2.575075075075075048
2.582582582582582553
2.590090090090090058
2.597597597597597563
2.605105105105105068
2.612612612612612573
2.620120120120120077
2.627627627627627582
2.635135135135135087
2.642642642642642592
2.650150150150150097
2.657657657657657602
2.665165165165165106
2.672672672672672611
2.680180180180180116
2.687687687687687621
2.695195195195195126
2.702702702702702631
2.710210210210210136
2.71771771771771764
2.725225225225225145
2.73273273273273265
2.740240240240240155
2.74774774774774766
2.755255255255255165
2.762762762762762669
2.770270270270270174
2.777777777777777679
2.785285285285285184
2.792792792792792689
2.800300300300300194
2.807807807807807698
2.815315315315315203
2.822822822822822708
2.830330330330330213
2.837837837837837718
2.845345345345345223
2.852852852852852727
2.860360360360360232
2.867867867867867737
2.875375375375375242
2.882882882882882747
2.890390390390390252
2.897897897897897757
2.905405405405405261
2.912912912912912766
2.920420420420420271
2.927927927927927776
2.935435435435435281
2.942942942942942786
2.95045045045045029
2.957957957957957795
2.9654654654654653
2.972972972972972805
2.98048048048048031
2.987987987987987815
2.995495495495495319
3.003003003003002824
3.010510510510510329
3.018018018018017834
3.025525525525525339
3.033033033033032844
3.040540540540540349
3.048048048048047853
3.055555555555555358
3.063063063063062863
3.070570570570570368
3.078078078078077873
3.085585585585585378
3.093093093093092882
3.100600600600600387
3.108108108108107892
3.115615615615615397
3.123123123123122902
3.130630630630630407
3.138138138138137911
3.145645645645645416
3.153153153153152921
3.160660660660660426
3.168168168168167931
3.175675675675675436
3.18318318318318294
3.190690690690690445
3.19819819819819795
3.205705705705705455
3.21321321321321296
3.220720720720720465
3.22822822822822797
3.235735735735735474
3.243243243243242979
3.250750750750750484
3.258258258258257989
3.265765765765765494
3.273273273273272999
3.280780780780780503
3.288288288288288008
3.295795795795795513
3.303303303303303018
3.310810810810810523
3.318318318318318028
3.325825825825825532
3.333333333333333037
3.340840840840840542
3.348348348348348047
3.355855855855855552
3.363363363363363057
3.370870870870870561
3.378378378378378066
3.385885885885885571
3.393393393393393076
3.400900900900900581
3.408408408408408086
3.415915915915915591
3.423423423423423095
3.4309309309309306
3.438438438438438105
3.44594594594594561
3.453453453453453115
3.46096096096096062
3.468468468468468124
3.475975975975975629
3.483483483483483134
3.490990990990990639
3.498498498498498144
3.506006006006005649
3.513513513513513153
3.521021021021020658
3.528528528528528163
3.536036036036035668
3.543543543543543173
3.551051051051050678
3.558558558558558182
3.566066066066065687
3.573573573573573192
3.581081081081080697
3.588588588588588202
3.596096096096095707
3.603603603603603212
3.611111111111110716
3.618618618618618221
3.626126126126125726
3.633633633633633231
3.641141141141140736
3.648648648648648241
3.656156156156155745
3.66366366366366325
3.671171171171170755
3.67867867867867826
3.686186186186185765
3.69369369369369327
3.701201201201200774
3.708708708708708279
3.716216216216215784
3.723723723723723289
3.731231231231230794
3.738738738738738299
3.746246246246245803
3.753753753753753308
3.761261261261260813
3.768768768768768318
3.776276276276275823
3.783783783783783328
3.791291291291290833
3.798798798798798337
3.806306306306305842
3.813813813813813347
3.821321321321320852
3.828828828828828357
3.836336336336335862
3.843843843843843366
3.851351351351350871
3.858858858858858376
3.866366366366365881
3.873873873873873386
3.881381381381380891
3.888888888888888395
3.8963963963963959
3.903903903903903405
3.91141141141141091
3.918918918918918415
3.92642642642642592
3.933933933933933424
3.941441441441440929
3.948948948948948434
3.956456456456455939
3.963963963963963444
3.971471471471470949
3.978978978978978454
3.986486486486485958
3.993993993993993463
4.001501501501500968
4.009009009009008473
4.016516516516515978
4.024024024024023483
4.031531531531530987
4.039039039039038492
4.046546546546545997
4.054054054054053502
4.061561561561561007
4.069069069069068512
4.076576576576576016
4.084084084084083521
4.091591591591591026
4.099099099099098531
4.106606606606606036
4.114114114114113541
4.121621621621621046
4.12912912912912855
4.136636636636636055
4.14414414414414356
4.151651651651651065
4.15915915915915857
4.166666666666666075
4.174174174174173579
4.181681681681681084
4.189189189189188589
4.196696696696696094
4.204204204204203599
4.211711711711711104
4.219219219219218608
4.226726726726726113
4.234234234234233618
4.241741741741741123
4.249249249249248628
4.256756756756756133
4.264264264264263637
4.271771771771771142
4.279279279279278647
4.286786786786786152
4.294294294294293657
4.301801801801801162
4.309309309309308667
4.316816816816816171
4.324324324324323676
4.331831831831831181
4.339339339339338686
4.346846846846846191
4.354354354354353696
4.3618618618618612
4.369369369369368705
4.37687687687687621
4.384384384384383715
4.39189189189189122
4.399399399399398725
4.406906906906906229
4.414414414414413734
4.421921921921921239
4.429429429429428744
4.436936936936936249
4.444444444444443754
4.451951951951951258
4.459459459459458763
4.466966966966966268
4.474474474474473773
4.481981981981981278
4.489489489489488783
4.496996996996996288
4.504504504504503792
4.512012012012011297
4.519519519519518802
4.527027027027026307
4.534534534534533812
4.542042042042041317
4.549549549549548821
4.557057057057056326
4.564564564564563831
4.572072072072071336
4.579579579579578841
4.587087087087086346
4.59459459459459385
4.602102102102101355
4.60960960960960886
4.617117117117116365
4.62462462462462387
4.632132132132131375
4.639639639639638879
4.647147147147146384
4.654654654654653889
4.662162162162161394
4.669669669669668899
4.677177177177176404
4.684684684684683909
4.692192192192191413
4.699699699699698918
4.707207207207206423
4.714714714714713928
4.722222222222221433
4.729729729729728938
4.737237237237236442
4.744744744744743947
4.752252252252251452
4.759759759759758957
4.767267267267266462
4.774774774774773967
4.782282282282281471
4.789789789789788976
4.797297297297296481
4.804804804804803986
4.812312312312311491
4.819819819819818996
4.8273273273273265
4.834834834834834005
4.84234234234234151
4.849849849849849015
4.85735735735735652
4.864864864864864025
4.87237237237237153
4.879879879879879034
4.887387387387386539
4.894894894894894044
4.902402402402401549
4.909909909909909054
4.917417417417416559
4.924924924924924063
4.932432432432431568
4.939939939939939073
4.947447447447446578
4.954954954954954083
4.962462462462461588
4.969969969969969092
4.977477477477476597
4.984984984984984102
4.992492492492491607
4.999999999999999112
5.007507507507506617
5.015015015015014122
5.022522522522521626
5.030030030030029131
5.037537537537536636
5.045045045045044141
5.052552552552551646
5.060060060060059151
5.067567567567566655
5.07507507507507416
5.082582582582581665
5.09009009009008917
5.097597597597596675
5.10510510510510418
5.112612612612611684
5.120120120120119189
5.127627627627626694
5.135135135135134199
5.142642642642641704
5.150150150150149209
5.157657657657656713
5.165165165165164218
5.172672672672671723
5.180180180180179228
5.187687687687686733
5.195195195195194238
5.202702702702701743
5.210210210210209247
5.217717717717716752
5.225225225225224257
5.232732732732731762
5.240240240240239267
5.247747747747746772
5.255255255255254276
5.262762762762761781
5.270270270270269286
5.277777777777776791
5.285285285285284296
5.292792792792791801
5.300300300300299305
5.30780780780780681
5.315315315315314315
5.32282282282282182
5.330330330330329325
5.33783783783783683
5.345345345345344334
5.352852852852851839
5.360360360360359344
5.367867867867866849
5.375375375375374354
5.382882882882881859
5.390390390390389364
5.397897897897896868
5.405405405405404373
5.412912912912911878
5.420420420420419383
5.427927927927926888
5.435435435435434393
5.442942942942941897
5.450450450450449402
5.457957957957956907
5.465465465465464412
5.472972972972971917
5.480480480480479422
5.487987987987986926
5.495495495495494431
5.503003003003001936
5.510510510510509441
5.518018018018016946
5.525525525525524451
5.533033033033031955
5.54054054054053946
5.548048048048046965
5.55555555555555447
5.563063063063061975
5.57057057057056948
5.578078078078076985
5.585585585585584489
5.593093093093091994
5.600600600600599499
5.608108108108107004
5.615615615615614509
5.623123123123122014
5.630630630630629518
5.638138138138137023
5.645645645645644528
5.653153153153152033
5.660660660660659538
5.668168168168167043
5.675675675675674547
5.683183183183182052
5.690690690690689557
5.698198198198197062
5.705705705705704567
5.713213213213212072
5.720720720720719576
5.728228228228227081
5.735735735735734586
5.743243243243242091
5.750750750750749596
5.758258258258257101
5.765765765765764606
5.77327327327327211
5.780780780780779615
5.78828828828828712
5.795795795795794625
5.80330330330330213
5.810810810810809635
5.818318318318317139
5.825825825825824644
5.833333333333332149
5.840840840840839654
5.848348348348347159
5.855855855855854664
5.863363363363362168
5.870870870870869673
5.878378378378377178
5.885885885885884683
5.893393393393392188
5.900900900900899693
5.908408408408407197
5.915915915915914702
5.923423423423422207
5.930930930930929712
5.938438438438437217
5.945945945945944722
5.953453453453452227
5.960960960960959731
5.968468468468467236
5.975975975975974741
5.983483483483482246
5.990990990990989751
5.998498498498497256
6.00600600600600476
6.013513513513512265
6.02102102102101977
6.028528528528527275
6.03603603603603478
6.043543543543542285
6.051051051051049789
6.058558558558557294
6.066066066066064799
6.073573573573572304
6.081081081081079809
6.088588588588587314
6.096096096096094819
6.103603603603602323
6.111111111111109828
6.118618618618617333
6.126126126126124838
6.133633633633632343
6.141141141141139848
6.148648648648647352
6.156156156156154857
6.163663663663662362
6.171171171171169867
6.178678678678677372
6.186186186186184877
6.193693693693692381
6.201201201201199886
6.208708708708707391
6.216216216216214896
6.223723723723722401
6.231231231231229906
6.23873873873873741
6.246246246246244915
6.25375375375375242
6.261261261261259925
6.26876876876876743
6.276276276276274935
6.28378378378378244
6.291291291291289944
6.298798798798797449
6.306306306306304954
6.313813813813812459
6.321321321321319964
6.328828828828827469
6.336336336336334973
6.343843843843842478
6.351351351351349983
6.358858858858857488
6.366366366366364993
6.373873873873872498
6.381381381381380002
6.388888888888887507
6.396396396396395012
6.403903903903902517
6.411411411411410022
6.418918918918917527
6.426426426426425031
6.433933933933932536
6.441441441441440041
6.448948948948947546
6.456456456456455051
6.463963963963962556
6.471471471471470061
6.478978978978977565
6.48648648648648507
6.493993993993992575
6.50150150150150008
6.509009009009007585
6.51651651651651509
6.524024024024022594
6.531531531531530099
6.539039039039037604
6.546546546546545109
6.554054054054052614
6.561561561561560119
6.569069069069067623
6.576576576576575128
6.584084084084082633
6.591591591591590138
6.599099099099097643
6.606606606606605148
6.614114114114112652
6.621621621621620157
6.629129129129127662
6.636636636636635167
6.644144144144142672
6.651651651651650177
6.659159159159157682
6.666666666666665186
6.674174174174172691
6.681681681681680196
6.689189189189187701
6.696696696696695206
6.704204204204202711
6.711711711711710215
6.71921921921921772
6.726726726726725225
6.73423423423423273
6.741741741741740235
6.74924924924924774
6.756756756756755244
6.764264264264262749
6.771771771771770254
6.779279279279277759
6.786786786786785264
6.794294294294292769
6.801801801801800273
6.809309309309307778
6.816816816816815283
6.824324324324322788
6.831831831831830293
6.839339339339337798
6.846846846846845303
6.854354354354352807
6.861861861861860312
6.869369369369367817
6.876876876876875322
6.884384384384382827
6.891891891891890332
6.899399399399397836
6.906906906906905341
6.914414414414412846
6.921921921921920351
6.929429429429427856
6.936936936936935361
6.944444444444442865
6.95195195195195037
6.959459459459457875
6.96696696696696538
6.974474474474472885
6.98198198198198039
6.989489489489487895
6.996996996996995399
7.004504504504502904
7.012012012012010409
7.019519519519517914
7.027027027027025419
7.034534534534532924
7.042042042042040428
7.049549549549547933
7.057057057057055438
7.064564564564562943
7.072072072072070448
7.079579579579577953
7.087087087087085457
7.094594594594592962
7.102102102102100467
7.109609609609607972
7.117117117117115477
7.124624624624622982
7.132132132132130486
7.139639639639637991
7.147147147147145496
7.154654654654653001
7.162162162162160506
7.169669669669668011
7.177177177177175516
7.18468468468468302
7.192192192192190525
7.19969969969969803
7.207207207207205535
7.21471471471471304
7.222222222222220545
7.229729729729728049
7.237237237237235554
7.244744744744743059
7.252252252252250564
7.259759759759758069
7.267267267267265574
7.274774774774773078
7.282282282282280583
7.289789789789788088
7.297297297297295593
7.304804804804803098
7.312312312312310603
7.319819819819818107
7.327327327327325612
7.334834834834833117
7.342342342342340622
7.349849849849848127
7.357357357357355632
7.364864864864863137
7.372372372372370641
7.379879879879878146
7.387387387387385651
7.394894894894893156
7.402402402402400661
7.409909909909908166
7.41741741741741567
7.424924924924923175
7.43243243243243068
7.439939939939938185
7.44744744744744569
7.454954954954953195
7.462462462462460699
7.469969969969968204
7.477477477477475709
7.484984984984983214
7.492492492492490719
7.499999999999998224
7.507507507507505728
7.515015015015013233
7.522522522522520738
7.530030030030028243
7.537537537537535748
7.545045045045043253
7.552552552552550758
7.560060060060058262
7.567567567567565767
7.575075075075073272
7.582582582582580777
7.590090090090088282
7.597597597597595787
7.605105105105103291
7.612612612612610796
7.620120120120118301
7.627627627627625806
7.635135135135133311
7.642642642642640816
7.65015015015014832
7.657657657657655825
7.66516516516516333
7.672672672672670835
7.68018018018017834
7.687687687687685845
7.695195195195193349
7.702702702702700854
7.710210210210208359
7.717717717717715864
7.725225225225223369
7.732732732732730874
7.740240240240238379
7.747747747747745883
7.755255255255253388
7.762762762762760893
7.770270270270268398
7.777777777777775903
7.785285285285283408
7.792792792792790912
7.800300300300298417
7.807807807807805922
7.815315315315313427
7.822822822822820932
7.830330330330328437
7.837837837837835941
7.845345345345343446
7.852852852852850951
7.860360360360358456
7.867867867867865961
7.875375375375373466
7.88288288288288097
7.890390390390388475
7.89789789789789598
7.905405405405403485
7.91291291291291099
7.920420420420418495
7.927927927927926
7.935435435435433504
7.942942942942941009
7.950450450450448514
7.957957957957956019
7.965465465465463524
7.972972972972971029
7.980480480480478533
7.987987987987986038
7.995495495495493543
8.003003003003001936
8.010510510510510329
8.018018018018018722
8.025525525525527115
8.033033033033035508
8.040540540540543901
8.048048048048052294
8.055555555555560687
8.06306306306306908
8.070570570570577473
8.078078078078085866
8.085585585585594259
8.093093093093102652
8.100600600600611045
8.108108108108119438
8.115615615615627831
8.123123123123136224
8.130630630630644617
8.13813813813815301
8.145645645645661403
8.153153153153169796
8.16066066066067819
8.168168168168186583
8.175675675675694976
8.183183183183203369
8.190690690690711762
8.198198198198220155
8.205705705705728548
8.213213213213236941
8.220720720720745334
8.228228228228253727
8.23573573573576212
8.243243243243270513
8.250750750750778906
8.258258258258287299
8.265765765765795692
8.273273273273304085
8.280780780780812478
8.288288288288320871
8.295795795795829264
8.303303303303337657
8.31081081081084605
8.318318318318354443
8.325825825825862836
8.333333333333371229
8.340840840840879622
8.348348348348388015
8.355855855855896408
8.363363363363404801
8.370870870870913194
8.378378378378421587
8.38588588588592998
8.393393393393438373
8.400900900900946766
8.408408408408455159
8.415915915915963552
8.423423423423471945
8.430930930930980338
8.438438438438488731
8.445945945945997124
8.453453453453505517
8.46096096096101391
8.468468468468522303
8.475975975976030696
8.483483483483539089
8.490990990991047482
8.498498498498555875
8.506006006006064268
8.513513513513572661
8.521021021021081054
8.528528528528589447
8.53603603603609784
8.543543543543606233
8.551051051051114626
8.55855855855862302
8.566066066066131413
8.573573573573639806
8.581081081081148199
8.588588588588656592
8.596096096096164985
8.603603603603673378
8.611111111111181771
8.618618618618690164
8.626126126126198557
8.63363363363370695
8.641141141141215343
8.648648648648723736
8.656156156156232129
8.663663663663740522
8.671171171171248915
8.678678678678757308
8.686186186186265701
8.693693693693774094
8.701201201201282487
8.70870870870879088
8.716216216216299273
8.723723723723807666
8.731231231231316059
8.738738738738824452
8.746246246246332845
8.753753753753841238
8.761261261261349631
8.768768768768858024
8.776276276276366417
8.78378378378387481
8.791291291291383203
8.798798798798891596
8.806306306306399989
8.813813813813908382
8.821321321321416775
8.828828828828925168
8.836336336336433561
8.843843843843941954
8.851351351351450347
8.85885885885895874
8.866366366366467133
8.873873873873975526
8.881381381381483919
8.888888888888992312
8.896396396396500705
8.903903903904009098
8.911411411411517491
8.918918918919025884
8.926426426426534277
8.93393393393404267
8.941441441441551063
8.948948948949059456
8.95645645645656785
8.963963963964076243
8.971471471471584636
8.978978978979093029
8.986486486486601422
8.993993993994109815
9.001501501501618208
9.009009009009126601
9.016516516516634994
9.024024024024143387
9.03153153153165178
9.039039039039160173
9.046546546546668566
9.054054054054176959
9.061561561561685352
9.069069069069193745
9.076576576576702138
9.084084084084210531
9.091591591591718924
9.099099099099227317
9.10660660660673571
9.114114114114244103
9.121621621621752496
9.129129129129260889
9.136636636636769282
9.144144144144277675
9.151651651651786068
9.159159159159294461
9.166666666666802854
9.174174174174311247
9.18168168168181964
9.189189189189328033
9.196696696696836426
9.204204204204344819
9.211711711711853212
9.219219219219361605
9.226726726726869998
9.234234234234378391
9.241741741741886784
9.249249249249395177
9.25675675675690357
9.264264264264411963
9.271771771771920356
9.279279279279428749
9.286786786786937142
9.294294294294445535
9.301801801801953928
9.309309309309462321
9.316816816816970714
9.324324324324479107
9.3318318318319875
9.339339339339495893
9.346846846847004286
9.354354354354512679
9.361861861862021073
9.369369369369529466
9.376876876877037859
9.384384384384546252
9.391891891892054645
9.399399399399563038
9.406906906907071431
9.414414414414579824
9.421921921922088217
9.42942942942959661
9.436936936937105003
9.444444444444613396
9.451951951952121789
9.459459459459630182
9.466966966967138575
9.474474474474646968
9.481981981982155361
9.489489489489663754
9.496996996997172147
9.50450450450468054
9.512012012012188933
9.519519519519697326
9.527027027027205719
9.534534534534714112
9.542042042042222505
9.549549549549730898
9.557057057057239291
9.564564564564747684
9.572072072072256077
9.57957957957976447
9.587087087087272863
9.594594594594781256
9.602102102102289649
9.609609609609798042
9.617117117117306435
9.624624624624814828
9.632132132132323221
9.639639639639831614
9.647147147147340007
9.6546546546548484
9.662162162162356793
9.669669669669865186
9.677177177177373579
9.684684684684881972
9.692192192192390365
9.699699699699898758
9.707207207207407151
9.714714714714915544
9.722222222222423937
9.72972972972993233
9.737237237237440723
9.744744744744949116
9.752252252252457509
9.759759759759965903
9.767267267267474296
9.774774774774982689
9.782282282282491082
9.789789789789999475
9.797297297297507868
9.804804804805016261
9.812312312312524654
9.819819819820033047
9.82732732732754144
9.834834834835049833
9.842342342342558226
9.849849849850066619
9.857357357357575012
9.864864864865083405
9.872372372372591798
9.879879879880100191
9.887387387387608584
9.894894894895116977
9.90240240240262537
9.909909909910133763
9.917417417417642156
9.924924924925150549
9.932432432432658942
9.939939939940167335
9.947447447447675728
9.954954954955184121
9.962462462462692514
9.969969969970200907
9.9774774774777093
9.984984984985217693
9.992492492492726086
10.00000000000023448
1 1000
0
0.00101885958736147586
0.002049302932391583454
0.003089031232320849085
0.004135705013595725177
0.005185763538406717998
0.006245075849278691749
0.007304475801788612443
0.008367070578970015049
0.009425052957908519602
0.01045226372491470102
0.01148102036063392006
0.01251700355942375609
0.01356133138028781104
0.01461263611054164357
0.01566520402991500305
0.01671627402583908406
0.0177694057624648849
0.01883456602467958874
0.0199024536478873415
0.02097962040397760575
0.02205944565741901897
0.02314488161357530771
0.02424847440499888762
0.02535558302690787968
0.02646018144378103898
0.02756571835504928458
0.02867882065731919283
0.0297974879963476269
0.03091980711144515226
0.03204912100568435562
0.03318116282832761499
0.0343214193537733081
0.03547000347714401869
0.03662988001451594755
0.03778902169801767741
0.03895608079653811728
0.0401327953645704838
0.0413163242219525273
0.04250563778111882129
0.04370076632164909824
0.04490637756873638864
0.04611968987069303694
0.04733993413128700922
0.0485654278628544489
0.04979726092233249801
0.05104025067635120649
0.0522915707189213208
0.05354892426521473681
0.05481101636269158917
0.05608297224159741745
0.05736524654867025674
0.05865546656593778607
0.05994941112419382989
0.06124126087013337383
0.06253603202412705286
0.06383167545016021904
0.06513130020061907999
0.06644231937957556511
0.06775624121860346349
0.06907685313706224406
0.07040859057576653868
0.07175015685118069086
0.07309812263167714264
0.07444650235095195967
0.07580075087105342391
0.07716234569625157746
0.07852964826133757015
0.07990507015256298473
0.08129093748232207872
0.08268347209218518401
0.08408150705258776725
0.08548855714036562858
0.08690005083826690679
0.08831734996135764959
0.08974189305092750146
0.09117155167666624038
0.09261078776580689009
0.09406391415870984929
0.09551756316227510979
0.09695132433535036398
0.09838056178500664828
0.09981693977999839262
0.1012661898676014971
0.1027264991648735304
0.1042018186818722825
0.1056902122815017719
0.1071893209715426565
0.1087009549571575917
0.1102186862519829447
0.1117448271259036119
0.1132823408504464169
0.1148295913282026959
0.1163805152015129352
0.1179382795861556588
0.1195051641569762069
0.1210819733647667817
0.1226680181856636409
0.124261847608181597
0.125866556460891843
0.1274743346585864856
0.1290832365558571837
0.1307031249326655598
0.1323297443162800846
0.1339649391180728344
0.135607161577468105
0.137254598436697961
0.1389042496799675064
0.1405618456343518119
0.1422260625771514242
0.143903709224218801
0.1455890428952670845
0.14727878953851814
0.1489776297720482034
0.1506804187685020224
0.1523865129421437814
0.1540913159600449944
0.1557979387854402376
0.1574982411665359905
0.1591967345231068975
0.1608990614255390028
0.1626025310487193565
0.1643053480280514123
0.1660108384893419498
0.1677204860519623253
0.1694320338282295779
0.1711460744037367476
0.1728640850682268137
0.1745809370135020799
0.1762874086163037646
0.17799267176894773
0.1797012303974270253
0.1814194003580951176
0.1831402155968362422
0.1848654999108703123
0.1865955157396683717
0.18833417019038734
0.1900780448139585133
0.1918249428362059916
0.1935734188947435541
0.1953267760774224371
0.1970882592439693326
0.1988572466422056095
0.200626256532473235
0.2023989613793446551
0.204181678426380131
0.2059643920389362393
0.207752391579901996
0.209545702534683187
0.2113442147796149584
0.2131485764540457239
0.2149535857982982634
0.2167639042548898942
0.2185786013770893987
0.220397175270477419
0.222216383574846077
0.2240417081101213626
0.2258741222705111795
0.2277143111017494448
0.2295628107664242634
0.2314104429441385946
0.2332609212234046936
0.2351179922615074247
0.2369780459167714071
0.238840765527925214
0.2407025135099729596
0.2425688154884255709
0.2444385703657872
0.2463191763434906534
0.248199262176171942
0.2500833388938872304
0.251966216317555336
0.2538450231915021504
0.2557170360447571511
0.2575826686648952091
0.2594459105192754578
0.2613090411990697248
0.2631756409260788132
0.2650481277995595519
0.2669273107973140213
0.2688077785111318008
0.2706895268228208806
0.2725709354284617802
0.2744574369042993567
0.2763477585066311804
0.2782378486773495752
0.2801297002639557832
0.2820165814135862092
0.2839079050012287553
0.2858001712060058708
0.287697999272609195
0.2895957040435632734
0.2914960060273870113
0.2934025398573112398
0.2953151887926424024
0.2972287363082841694
0.2991453104381207595
0.3010664269150993277
0.3029842853640047906
0.3049015349832870925
0.3068204945476509238
0.308735443608497917
0.3106495065991339288
0.3125559487692726179
0.3144542309686357839
0.3163496787329904691
0.3182478047818904088
0.3201437460480747177
0.3220410837071767673
0.323937855360213689
0.3258374733994742201
0.3277422174104458463
0.3296491407530766082
0.3315568003803264219
0.3334651056690063342
0.3353747019565389564
0.3372816092477251004
0.3391913856393102833
0.3411012506093129559
0.3430137273647915208
0.3449245223363277546
0.3468406701036883533
0.3487555609893888686
0.3506711613032393871
0.3525866158746566725
0.3545007216640669867
0.3564150513280992527
0.358332416070538784
0.3602501382835043842
0.3621722540859764194
0.3640991393450576652
0.3660193408246641411
0.3679400069594294109
0.3698626489446041887
0.3717844720550829152
0.373707844131672573
0.3756287137213121241
0.3775503356156377777
0.3794689631196206392
0.381388230282141194
0.3833123491089054369
0.3852390063465236381
0.3871685070338344303
0.3890991510755839045
0.3910299167272341947
0.3929597219454308288
0.3948885744295012046
0.3968208179722978457
0.3987527643593011817
0.4006830646129628803
0.4026073977571513751
0.4045295659642533792
0.4064480609191605254
0.4083682280269158582
0.4102873003752165459
0.4122064289989566532
0.4141281387686603921
0.4160480175177099227
0.4179666302183022708
0.4198856636022583189
0.4218058237378272679
0.4237262447951479771
0.4256460454759007916
0.4275654909991999375
0.4294846014719269078
0.4314033996544139882
0.4333213456110343031
0.4352385860237291126
0.4371567745691891105
0.4390775499344954369
0.4409941241671049283
0.4429092227231876677
0.444822233430045344
0.4467311605268378116
0.4486348279025378361
0.4505359214000463908
0.4524319845521631578
0.4543230095279113812
0.4562069432184898687
0.4580871033723497021
0.4599659195215508589
0.461844204673184322
0.4637195629035204547
0.465590390185866454
0.4674582609812887313
0.4693192905668865933
0.4711754783805872648
0.4730269524815184923
0.4748770855818520431
0.4767241257890191264
0.4785726403591752387
0.4804216162391412581
0.4822714003281589612
0.4841216052503796163
0.4859731102670821201
0.4878234457383996414
0.4896717079105883386
0.4915166566635207346
0.4933595505359562594
0.495200664157096071
0.4970432046681025895
0.4988839108260663124
0.5007234612504589677
0.5025605678084730243
0.5043944625884932975
0.5062228759132949563
0.5080491102875157594
0.5098725847016112311
0.5116960027875165906
0.5135183673422716311
0.5153406135954128331
0.5171609343937006997
0.5189784001535144853
0.5207927817810968918
0.5226021837951293492
0.5244080985579557819
0.526212818599901766
0.5280136483928572488
0.5298114420362480814
0.5316056598288696478
0.5333949865492968456
0.5351824535972582453
0.5369653186431833092
0.5387484045314749892
0.5405304616443800114
0.5423077662206878813
0.5440828187296347096
0.5458525799054996241
0.5476207160282910991
0.5493839684280601432
0.5511420059586953357
0.5528996517097084507
0.5546558561080701111
0.5564092697906062313
0.5581600141891840394
0.5599071501191019706
0.5616521571943167146
0.56339082494662307
0.5651311273858254935
0.5668651815739167432
0.568592756066095717
0.5703180680521882095
0.572038622947843578
0.5737572324757138631
0.5754708360412905677
0.5771798771855856103
0.5788874625392281814
0.5805878759168763281
0.582288264937119493
0.5839844237353872813
0.5856763969042049212
0.5873605649111368621
0.5890395108982602324
0.5907173666088283426
0.5923876013927156237
0.594054351946965653
0.5957130386744893258
0.597370334878974063
0.5990238847731461647
0.6006720141591586071
0.6023173146428462132
0.60395733262032536
0.6055941760351970515
0.6072254331164685937
0.6088526633146784661
0.6104720450233571682
0.6120885634987871526
0.6137011215897700822
0.6153096436211171749
0.6169184046195823612
0.6185239306720404784
0.6201270683245638793
0.6217220455339429463
0.6233170480010130632
0.6249074180205980156
0.6264956255253082418
0.6280761126349716506
0.6296554511379781616
0.6312326368753247152
0.6328040363199534113
0.6343670684623248235
0.6359270331822699518
0.6374833314664556383
0.6390338600042468897
0.6405803706119286289
0.6421261957993920078
0.6436641623524792521
0.6452020259938535673
0.6467351185825691573
0.6482631174819744047
0.6497834593960760685
0.6513035243907552285
0.6528212508864044139
0.6543310629426741798
0.6558371087395471477
0.6573376825130026191
0.6588311243449425092
0.6603231476948394629
0.6618098496834363687
0.6632905335983423356
0.6647677609835227486
0.6662414859591763161
0.6677077468647212299
0.6691697173084776296
0.6706260032553927886
0.672073014346437958
0.6735156857570245847
0.6749537101047735632
0.6763874584308950944
0.6778155739158364668
0.6792386019768628103
0.6806580558920813928
0.6820744312453825842
0.6834851357068600919
0.6848914338509075606
0.6862907108369427078
0.6876873999584631747
0.689078434315888444
0.6904677202420543836
0.6918536640645243097
0.6932329507893655318
0.6946102743504525279
0.6959830188353635094
0.697351995411736425
0.6987143758681213512
0.7000741940099715066
0.7014275500382609607
0.7027791348306209329
0.7041263017156325077
0.7054663104024712084
0.7068043290450987115
0.7081377869252492019
0.7094671061778399235
0.7107898013310887109
0.7121103553084822124
0.7134267260620390516
0.7147375891549927474
0.7160464764583593933
0.7173478239069481788
0.7186467627311685646
0.7199393226106849397
0.7212282414101309769
0.7225109994272997938
0.7237924667052766381
0.7250678707292763647
0.7263417037650015118
0.7276104276212436162
0.7288769455091141936
0.7301382172880721555
0.7313978651245633955
0.7326495597162647755
0.7338993969488001312
0.7351454287072556326
0.7363856541242057574
0.737620069431727643
0.7388526821215464224
0.7400790046934844213
0.7413020436723627427
0.7425180122637584645
0.7437330029032409584
0.7449413104892528281
0.7461448260609131466
0.747344103196951437
0.7485404380772706645
0.7497305623418242249
0.7509175126353966334
0.7520977289594839021
0.7532766424756118795
0.7544492080023701419
0.7556183186384259898
0.7567854651707648372
0.7579471208798622683
0.7591054428937695775
0.7602587766231181376
0.7614088112948138587
0.7625535093685584798
0.7636933466279742788
0.7648307392258857362
0.7659641130579757373
0.7670937867037537217
0.7682201677043849486
0.76934162097643366
0.7704591976226993211
0.7715717992772397338
0.7726811374622002404
0.7737877024760564382
0.7748917913788773149
0.7759899463750343784
0.7770848917571129277
0.7781768896821859016
0.7792655547197000487
0.7803490573801354913
0.7814277354328851288
0.7825036885350300508
0.783573373413560148
0.784643417844108626
0.7857061356215808701
0.7867649682392539034
0.7878222121337330464
0.7888737686442937047
0.789921391763414249
0.7909661305787949459
0.792006982317047914
0.7930440184229610168
0.7940762776669316736
0.7951068815369808362
0.7961322722503609839
0.7971558310110822276
0.7981753104623976469
0.7991924653880460028
0.8002045813680069841
0.8012134326403383966
0.8022179285434276608
0.8032195490345657163
0.8042186875946981672
0.8052128410554360016
0.8062024822213516018
0.8071881290119335972
0.8081722993456423865
0.8091498671234376161
0.8101257953812819324
0.8110976418572590774
0.812068237506650803
0.8130334343281901965
0.8139948352853707547
0.8149537121452112842
0.8159101174279612678
0.8168641534380185476
0.817813374284355632
0.8187599743778264383
0.8197029504048032322
0.8206430040368104528
0.8215806663604325877
0.8225153539580105644
0.8234467577686928053
0.8243735971382193384
0.8252969592242607177
0.8262172207067806085
0.8271336358679945988
0.8280469538578927313
0.8289564712762285126
0.8298637137760351834
0.8307678661450381696
0.8316693614034420534
0.8325655333827626237
0.8334591676037916841
0.8343502259087927087
0.8352386059440277677
0.8361243125370947382
0.8370059716137348005
0.8378855748594560282
0.8387623945026234651
0.8396360996065368454
0.8405053878715307292
0.8413729216016463397
0.8422353991772979498
0.8430961854962788493
0.8439530900544696124
0.84480832989333976
0.845660029148234571
0.8465110701838511886
0.8473557504950122166
0.848196663999260636
0.8490360565415357996
0.8498713948915792571
0.8507038825299559903
0.8515351198262806065
0.8523611656304410644
0.8531861730365335461
0.8540075678349694499
0.8548262742470456033
0.8556416208971882043
0.8564528374488418194
0.8572630155302363164
0.8580709726093687095
0.8588774538030179428
0.8596801716502682211
0.8604785680710733686
0.8612753472224312645
0.862071824004260634
0.8628616696975086597
0.8636509791384128221
0.8644374859772483433
0.8652224032420576805
0.8660056455207154613
0.8667850759934481175
0.8675625439384475612
0.8683365648085441535
0.8691064913675177195
0.869875173730804363
0.8706412144332489333
0.8714052103964036178
0.8721661303230803242
0.8729242741572420528
0.8736812435557794743
0.8744343098479134824
0.8751841764675987179
0.8759324935108452337
0.8766784528643256635
0.877421626860723336
0.8781619078211519991
0.8788991137807329324
0.8796338654353235142
0.8803662919319776847
0.8810954343933872224
0.8818231465037342787
0.8825488707975637226
0.8832709565739946811
0.8839912417407731482
0.8847089574989581706
0.8854247977474187792
0.8861371336147954025
0.8868482443889433853
0.8875562260714104923
0.8882613955237843584
0.8889619845767811057
0.8896619056725967312
0.8903602891799664576
0.8910567708026064793
0.8917500834125462461
0.8924409148175982409
0.8931281053176576279
0.8938148539139660897
0.8944979209420012012
0.8951800012557669106
0.8958596470032489378
0.8965359564201662579
0.8972100818017452184
0.8978817972710544382
0.8985525318299210085
0.8992203939738487861
0.8998869640129214531
0.9005490252454251277
0.9012091542453504189
0.9018667291421138543
0.9025227398093988995
0.9031766731676498239
0.9038271265201274218
0.9044735542246371551
0.9051188699822318995
0.9057624994271122887
0.9064029728995706137
0.9070386579780915781
0.9076726530888095112
0.9083043544493420995
0.908933213464763412
0.9095570856337076293
0.9101800271232036721
0.9108001188511138935
0.9114158902903000126
0.9120294970451254812
0.9126410863647151928
0.9132490070896892576
0.9138538244940264121
0.9144548340500477934
0.9150514185399174494
0.9156464017592043092
0.9162376796811031454
0.9168258588791786678
0.9174122663863499838
0.9179942002841698923
0.9185726206341655597
0.9191480154889291043
0.9197197314173877203
0.9202876982467955713
0.920853232182651027
0.9214146005185170907
0.9219724446678583263
0.9225275772063241675
0.9230786604297236408
0.9236261052088252654
0.9241704714413572219
0.924711209992494787
0.9252492739058766347
0.9257836610599383675
0.9263147449954090007
0.9268432636816328341
0.9273671119227060444
0.9278889767750797546
0.9284064958685007696
0.9289222532401595345
0.9294334564141308874
0.9299414695857990409
0.9304465279003011347
0.9309484269317067628
0.9314479301920641774
0.93194576416505015
0.9324380719523333028
0.9329281390718051625
0.9334144396906935981
0.9338987155279596664
0.9343791266085759162
0.934856481635961245
0.9353310147874367431
0.9358037792687809997
0.9362727540803348347
0.9367382851378351916
0.9372025718544136907
0.9376626500323936853
0.9381196062717549466
0.9385749315213161026
0.939026691194499108
0.939476489966864392
0.9399221987904979869
0.940366671601964299
0.9408070297124595527
0.9412456050351352133
0.9416833669499453663
0.9421173018633055563
0.942548527538832559
0.9429778582362473571
0.9434037831689465747
0.943827905506168463
0.9442496585585331559
0.9446695932135185103
0.9450866778393276491
0.9455024389849313593
0.9459160512748496785
0.9463270122906806137
0.9467353335809320924
0.9471419702821890496
0.947545706427007417
0.9479481830606175663
0.9483478152820907781
0.9487450882176347022
0.9491410561243753818
0.9495346988240953578
0.9499252583142094863
0.9503137733015023514
0.9506998202583076818
0.9510841716053164419
0.9514663295064451631
0.9518468905461929808
0.9522261383397676582
0.9526029718535085067
0.9529775120954866452
0.9533503284486926077
0.9537212903422584986
0.9540906260922668025
0.9544575620151078965
0.9548222548934290899
0.9551849824023292967
0.9555469125357660687
0.9559066661190342984
0.9562631150394906854
0.956618744315363756
0.9569729773222377389
0.9573247901663251014
0.9576749375709141532
0.9580226926168791124
0.9583690245939067154
0.9587124115976735084
0.9590550206050920679
0.9593955161021199274
0.9597344897087509707
0.9600705822547865864
0.9604058291737089803
0.9607388976200468278
0.9610698230495415828
0.9614006783546642509
0.9617282306979575424
0.9620547101031036163
0.9623781008305911655
0.9627008368674125904
0.9630221890292602893
0.9633407258595241274
0.9636584304736288686
0.9639734949219871396
0.9642863762122431126
0.9645981228274251862
0.9649083863038470099
0.9652161874922455809
0.9655224698799145244
0.9658263445183479234
0.9661291536928615642
0.9664305628532474657
0.9667292828138158711
0.9670253831463071492
0.9673202235670714799
0.9676135810368009516
0.9679045910280876797
0.968193247006894353
0.9684813573325925518
0.9687669601856896406
0.9690513736891546159
0.9693340529952081397
0.9696153024397062836
0.9698948236797093614
0.9701721143200643382
0.9704476732266869021
0.9707207400508934825
0.9709927766124906157
0.971263626868932306
0.9715320525647541672
0.9717994180564630824
0.972064867493344309
0.9723276738168067368
0.9725887886395980786
0.9728488831635502265
0.973106579496715085
0.9733622671227237788
0.9736168244081682133
0.9738694708508148778
0.9741204549178519301
0.9743699074269613902
0.9746188572740948075
0.9748651744245364625
0.9751095477809883505
0.9753519230413587593
0.9755934522504219331
0.9758322544002737686
0.9760698595136432232
0.9763066096949444272
0.9765415496458729194
0.9767751960564794445
0.9770058507245948931
0.9772362539277850146
0.9774642045135948365
0.9776909592770550717
0.9779159165367445894
0.9781391642708285872
0.9783608746723189142
0.978581640209483794
0.9788006629923131641
0.9790178255641706073
0.9792333217977784443
0.9794468986357571794
0.979659700928053212
0.979870486686223785
0.980079062182980465
0.9802867956619110146
0.9804932680740421347
0.9806987098774442302
0.9809021212130204503
0.9811040781529385413
0.9813039132170189305
0.9815029294092596501
0.9816993948787455793
0.9818950359221076951
0.9820896772082079451
0.9822825023400270084
0.9824737736166468949
0.9826637757892626723
0.9828525194929937925
0.9830398563453286442
0.9832260366641776272
0.9834104398693312987
0.9835930089420372724
0.9837743559426854745
0.9839543129797050369
0.9841338906182812707
0.9843115012036207645
0.984487844823192404
0.9846628799451622172
0.9848360643252931368
0.9850075666523565587
0.9851782804434208174
0.9853480002011565375
0.9855156136532627897
0.9856822236273359295
0.9858471064202518619
0.9860116986103832915
0.9861744259514892974
0.9863362779433941796
0.9864973306938509268
0.9866569351530074528
0.9868149823094825024
0.9869716226905325129
0.9871276611659851596
0.9872825008285417425
0.9874352181897592118
0.9875869702622850355
0.9877376547926388639
0.987887128363539091
0.9880352217283387972
0.9881824086168080612
0.9883288723494985106
0.9884740505345632755
0.9886181510635054792
0.9887614577618819567
0.988902721837973786
0.9890438224886679563
0.9891834328961834899
0.989321232688581631
0.9894589657123873394
0.9895954008544265434
0.9897306338717726248
0.9898650995494193694
0.9899984290951806543
0.9901306178595348229
0.9902625866951666467
0.990392860684750076
0.9905222330527010399
0.9906504989817648266
0.9907781520065697123
0.9909040121169425674
0.991029476982546953
0.9911539270623705988
0.9912775493440619812
0.9913999610689216979
0.9915216100069699223
0.9916422433873748332
0.9917623416231577949
0.9918808333911499631
0.9919988590336430434
0.9921155298505368592
0.9922316404398685563
0.9923471116081117316
0.992461834202181592
0.9925758784784690647
0.9926888295316160793
0.9928003753778682494
0.9929115333018216916
0.993021814348523435
0.9931308646725369726
0.9932396442700195394
0.9933470079628889948
0.9934544117112409367
0.9935605152070294821
0.9936655851056599431
0.9937701073901266113
0.9938738497966497221
0.9939771009527333945
0.9940794656440914423
0.9941810118842866473
0.9942816895634933871
0.9943814745952010981
0.994480158753788146
0.9945788857377237946
0.9946768425335221764
0.9947734628212856478
0.9948698208856541214
0.9949656378153832748
0.9950606043812584289
0.9951553155423908947
0.9952490998253793464
0.9953420860106234613
0.9954338923891441482
0.9955255423037172591
0.9956162405690989203
0.9957064446226411292
0.9957963994051937107
0.9958856048417104034
0.9959743431778136369
0.9960623328495472606
0.9961494503477865692
0.9962359253659158753
0.996321935514878021
0.996407238161104658
0.9964920567815767072
0.9965759539691418922
0.9966592071867097502
0.996742114667711121
0.9968242733296222013
0.9969060343350975018
0.9969868201319371792
0.9970673454746474818
0.9971474153781656469
0.9972268174202554292
0.9973053367042368222
0.9973836144380783253
0.9974610290182468475
0.9975381016775628495
0.9976146037048962967
0.9976907567971977642
0.9977664888662403087
0.9978413466166884405
0.9979160199679455445
0.9979900917260522419
0.9980635878855821375
0.9981365890731908053
0.9982093106377121217
0.9982809050379159999
0.9983524448691554198
0.9984235066952678039
0.9984937732350047668
0.9985636632954424385
0.9986329670062659147
0.998701695742767015
0.9987701074574886206
0.9988380479666716383
0.9989051725874276144
0.9989720032266937721
0.9990377913433015067
0.9991032878749557256
0.999168598332911273
0.9992331574128421323
0.9992971241530597126
0.9993604312281192392
0.9994227136169016035
0.999484229934132884
0.9995450604116804527
0.9996050681147643502
0.9996640641433778285
0.9997221427425309059
0.9997798038662857323
0.9998364998852160568
0.999891702036865837
0.9999463596448201486
1.000000012596103716
